11880925
103680
1   
1024
423543
9174400
2174
12464
4875
1
32
12003844
36607
120681045
1162810
13384936947
6384960
350560
54716
327619265
77852105332
243
1024
1874048
1875
22352
2388992
1
1259712
5184
161051
8503056
243
2250
261250
124416
1
19855
512
5184
248832
243
13554
25248672
32
9604
39366
1556328
243
11824
243
512
0
0
4767502
1
1875
1161061
32
74301
467982
625
1
242882
1
276417
395467230
101060
5184
1024
162
16
5944
2996
1
32
32
7530967
1703651